#FORMAT      : EMSA/MAS Spectral Data File
#VERSION     : 1.0
#TITLE       : Spectrum 2
#DATE        : 22-NOV-2024
#TIME        : 10:32
#OWNER       : 
#NPOINTS     : 2048.0
#NCOLUMNS    : 1.0
#XUNITS      : keV
#YUNITS      : counts
#DATATYPE    : XY
#XPERCHAN    : 0.01
#OFFSET      : -0.2
#SIGNALTYPE  : EDS
#CHOFFSET    : 20.0
#LIVETIME    : 94.290728311
#REALTIME    : 96.912986755
#BEAMKV      : 20.0
#MAGCAM      : 60.0
#XTILTSTGE   : 0.0
#AZIMANGLE   : 0.0
#ELEVANGLE   : 35.0
#XPOSITION mm: 27.1809
#YPOSITION mm: 30.9046
#ZPOSITION mm: 10.0000
##OXINSTPT   : 4
##OXINSTSTROB: 48.88
##OXINSTNDET : 1
##OXINSTELEMS: 24,26,6,28,25,14,42
##OXINSTLABEL: 24, 5.415, Cr
##OXINSTLABEL: 24, 5.947, Cr
##OXINSTLABEL: 24, 0.573, Cr
##OXINSTLABEL: 24, 0.500, Cr
##OXINSTLABEL: 26, 6.404, Fe
##OXINSTLABEL: 26, 7.058, Fe
##OXINSTLABEL: 26, 0.703, Fe
##OXINSTLABEL: 26, 0.615, Fe
##OXINSTLABEL: 6, 0.277, C
##OXINSTLABEL: 28, 7.478, Ni
##OXINSTLABEL: 28, 8.265, Ni
##OXINSTLABEL: 28, 0.851, Ni
##OXINSTLABEL: 28, 0.762, Ni
##OXINSTLABEL: 28, 0.743, Ni
##OXINSTLABEL: 25, 5.899, Mn
##OXINSTLABEL: 25, 6.490, Mn
##OXINSTLABEL: 25, 0.636, Mn
##OXINSTLABEL: 25, 0.556, Mn
##OXINSTLABEL: 14, 1.740, Si
##OXINSTLABEL: 42, 17.480, Mo
##OXINSTLABEL: 42, 19.609, Mo
##OXINSTLABEL: 42, 19.965, Mo
##OXINSTLABEL: 42, 2.293, Mo
##OXINSTLABEL: 42, 2.395, Mo
##OXINSTLABEL: 42, 2.120, Mo
##OXINSTLABEL: 42, 2.831, Mo
##OXINSTLABEL: 42, 2.016, Mo
##OXINSTLABEL: 42, 0.193, Mo
#SPECTRUM    : Spectral Data Starts Here
-0.20000, 0.0
-0.19000, 0.0
-0.18000, 0.0
-0.17000, 0.0
-0.16000, 0.0
-0.15000, 0.0
-0.14000, 0.0
-0.13000, 0.0
-0.12000, 0.0
-0.11000, 0.0
-0.10000, 0.0
-0.09000, 0.0
-0.08000, 1.0
-0.07000, 4.0
-0.06000, 8.0
-0.05000, 40.0
-0.04000, 118.0
-0.03000, 336.0
-0.02000, 728.0
-0.01000, 1273.0
0.00000, 1992.0
0.01000, 2778.0
0.02000, 3570.0
0.03000, 4497.0
0.04000, 5211.0
0.05000, 4937.0
0.06000, 3828.0
0.07000, 2321.0
0.08000, 1131.0
0.09000, 455.0
0.10000, 180.0
0.11000, 98.0
0.12000, 56.0
0.13000, 62.0
0.14000, 63.0
0.15000, 65.0
0.16000, 64.0
0.17000, 66.0
0.18000, 68.0
0.19000, 79.0
0.20000, 89.0
0.21000, 104.0
0.22000, 134.0
0.23000, 173.0
0.24000, 228.0
0.25000, 293.0
0.26000, 348.0
0.27000, 386.0
0.28000, 361.0
0.29000, 310.0
0.30000, 219.0
0.31000, 162.0
0.32000, 115.0
0.33000, 86.0
0.34000, 76.0
0.35000, 91.0
0.36000, 99.0
0.37000, 104.0
0.38000, 107.0
0.39000, 108.0
0.40000, 133.0
0.41000, 131.0
0.42000, 145.0
0.43000, 170.0
0.44000, 203.0
0.45000, 262.0
0.46000, 338.0
0.47000, 391.0
0.48000, 449.0
0.49000, 472.0
0.50000, 558.0
0.51000, 590.0
0.52000, 584.0
0.53000, 595.0
0.54000, 641.0
0.55000, 662.0
0.56000, 721.0
0.57000, 788.0
0.58000, 851.0
0.59000, 922.0
0.60000, 957.0
0.61000, 948.0
0.62000, 909.0
0.63000, 880.0
0.64000, 868.0
0.65000, 898.0
0.66000, 1026.0
0.67000, 1327.0
0.68000, 1664.0
0.69000, 2010.0
0.70000, 2188.0
0.71000, 2149.0
0.72000, 1952.0
0.73000, 1599.0
0.74000, 1096.0
0.75000, 729.0
0.76000, 484.0
0.77000, 314.0
0.78000, 264.0
0.79000, 227.0
0.80000, 231.0
0.81000, 284.0
0.82000, 382.0
0.83000, 469.0
0.84000, 554.0
0.85000, 602.0
0.86000, 621.0
0.87000, 536.0
0.88000, 477.0
0.89000, 364.0
0.90000, 293.0
0.91000, 216.0
0.92000, 167.0
0.93000, 141.0
0.94000, 136.0
0.95000, 123.0
0.96000, 118.0
0.97000, 113.0
0.98000, 115.0
0.99000, 106.0
1.00000, 106.0
1.01000, 103.0
1.02000, 97.0
1.03000, 127.0
1.04000, 115.0
1.05000, 109.0
1.06000, 106.0
1.07000, 109.0
1.08000, 98.0
1.09000, 103.0
1.10000, 114.0
1.11000, 108.0
1.12000, 115.0
1.13000, 147.0
1.14000, 140.0
1.15000, 124.0
1.16000, 125.0
1.17000, 133.0
1.18000, 120.0
1.19000, 142.0
1.20000, 137.0
1.21000, 139.0
1.22000, 132.0
1.23000, 139.0
1.24000, 161.0
1.25000, 161.0
1.26000, 160.0
1.27000, 142.0
1.28000, 140.0
1.29000, 150.0
1.30000, 155.0
1.31000, 171.0
1.32000, 160.0
1.33000, 178.0
1.34000, 188.0
1.35000, 159.0
1.36000, 157.0
1.37000, 185.0
1.38000, 186.0
1.39000, 159.0
1.40000, 172.0
1.41000, 190.0
1.42000, 193.0
1.43000, 187.0
1.44000, 197.0
1.45000, 203.0
1.46000, 222.0
1.47000, 233.0
1.48000, 220.0
1.49000, 247.0
1.50000, 211.0
1.51000, 238.0
1.52000, 237.0
1.53000, 216.0
1.54000, 208.0
1.55000, 199.0
1.56000, 190.0
1.57000, 192.0
1.58000, 195.0
1.59000, 200.0
1.60000, 178.0
1.61000, 177.0
1.62000, 197.0
1.63000, 190.0
1.64000, 189.0
1.65000, 186.0
1.66000, 185.0
1.67000, 183.0
1.68000, 217.0
1.69000, 238.0
1.70000, 283.0
1.71000, 300.0
1.72000, 313.0
1.73000, 331.0
1.74000, 342.0
1.75000, 343.0
1.76000, 333.0
1.77000, 345.0
1.78000, 306.0
1.79000, 292.0
1.80000, 273.0
1.81000, 248.0
1.82000, 238.0
1.83000, 238.0
1.84000, 222.0
1.85000, 234.0
1.86000, 231.0
1.87000, 220.0
1.88000, 216.0
1.89000, 215.0
1.90000, 213.0
1.91000, 213.0
1.92000, 210.0
1.93000, 222.0
1.94000, 221.0
1.95000, 203.0
1.96000, 208.0
1.97000, 218.0
1.98000, 204.0
1.99000, 210.0
2.00000, 227.0
2.01000, 235.0
2.02000, 223.0
2.03000, 239.0
2.04000, 222.0
2.05000, 226.0
2.06000, 215.0
2.07000, 214.0
2.08000, 246.0
2.09000, 240.0
2.10000, 235.0
2.11000, 226.0
2.12000, 230.0
2.13000, 231.0
2.14000, 251.0
2.15000, 223.0
2.16000, 221.0
2.17000, 242.0
2.18000, 248.0
2.19000, 242.0
2.20000, 240.0
2.21000, 246.0
2.22000, 272.0
2.23000, 294.0
2.24000, 317.0
2.25000, 354.0
2.26000, 420.0
2.27000, 456.0
2.28000, 513.0
2.29000, 547.0
2.30000, 524.0
2.31000, 483.0
2.32000, 497.0
2.33000, 483.0
2.34000, 439.0
2.35000, 419.0
2.36000, 410.0
2.37000, 382.0
2.38000, 355.0
2.39000, 352.0
2.40000, 346.0
2.41000, 357.0
2.42000, 315.0
2.43000, 306.0
2.44000, 310.0
2.45000, 297.0
2.46000, 276.0
2.47000, 261.0
2.48000, 278.0
2.49000, 258.0
2.50000, 241.0
2.51000, 232.0
2.52000, 246.0
2.53000, 246.0
2.54000, 234.0
2.55000, 235.0
2.56000, 272.0
2.57000, 236.0
2.58000, 215.0
2.59000, 230.0
2.60000, 218.0
2.61000, 213.0
2.62000, 222.0
2.63000, 223.0
2.64000, 237.0
2.65000, 216.0
2.66000, 213.0
2.67000, 213.0
2.68000, 222.0
2.69000, 217.0
2.70000, 204.0
2.71000, 212.0
2.72000, 214.0
2.73000, 221.0
2.74000, 204.0
2.75000, 199.0
2.76000, 218.0
2.77000, 219.0
2.78000, 212.0
2.79000, 196.0
2.80000, 204.0
2.81000, 206.0
2.82000, 214.0
2.83000, 199.0
2.84000, 198.0
2.85000, 218.0
2.86000, 224.0
2.87000, 212.0
2.88000, 198.0
2.89000, 192.0
2.90000, 196.0
2.91000, 211.0
2.92000, 195.0
2.93000, 188.0
2.94000, 203.0
2.95000, 215.0
2.96000, 203.0
2.97000, 192.0
2.98000, 197.0
2.99000, 196.0
3.00000, 211.0
3.01000, 220.0
3.02000, 194.0
3.03000, 183.0
3.04000, 176.0
3.05000, 189.0
3.06000, 195.0
3.07000, 192.0
3.08000, 214.0
3.09000, 218.0
3.10000, 200.0
3.11000, 188.0
3.12000, 200.0
3.13000, 192.0
3.14000, 192.0
3.15000, 206.0
3.16000, 204.0
3.17000, 187.0
3.18000, 192.0
3.19000, 205.0
3.20000, 204.0
3.21000, 196.0
3.22000, 195.0
3.23000, 182.0
3.24000, 173.0
3.25000, 185.0
3.26000, 200.0
3.27000, 179.0
3.28000, 182.0
3.29000, 195.0
3.30000, 206.0
3.31000, 191.0
3.32000, 187.0
3.33000, 185.0
3.34000, 178.0
3.35000, 191.0
3.36000, 195.0
3.37000, 181.0
3.38000, 187.0
3.39000, 208.0
3.40000, 192.0
3.41000, 174.0
3.42000, 182.0
3.43000, 171.0
3.44000, 171.0
3.45000, 180.0
3.46000, 190.0
3.47000, 191.0
3.48000, 192.0
3.49000, 179.0
3.50000, 176.0
3.51000, 167.0
3.52000, 165.0
3.53000, 194.0
3.54000, 183.0
3.55000, 182.0
3.56000, 185.0
3.57000, 189.0
3.58000, 196.0
3.59000, 187.0
3.60000, 178.0
3.61000, 181.0
3.62000, 189.0
3.63000, 179.0
3.64000, 191.0
3.65000, 201.0
3.66000, 199.0
3.67000, 188.0
3.68000, 185.0
3.69000, 176.0
3.70000, 211.0
3.71000, 187.0
3.72000, 177.0
3.73000, 189.0
3.74000, 174.0
3.75000, 170.0
3.76000, 175.0
3.77000, 183.0
3.78000, 164.0
3.79000, 188.0
3.80000, 181.0
3.81000, 151.0
3.82000, 149.0
3.83000, 155.0
3.84000, 152.0
3.85000, 178.0
3.86000, 159.0
3.87000, 171.0
3.88000, 172.0
3.89000, 160.0
3.90000, 147.0
3.91000, 164.0
3.92000, 148.0
3.93000, 168.0
3.94000, 164.0
3.95000, 155.0
3.96000, 171.0
3.97000, 179.0
3.98000, 151.0
3.99000, 153.0
4.00000, 167.0
4.01000, 159.0
4.02000, 145.0
4.03000, 151.0
4.04000, 175.0
4.05000, 172.0
4.06000, 150.0
4.07000, 148.0
4.08000, 160.0
4.09000, 153.0
4.10000, 163.0
4.11000, 141.0
4.12000, 153.0
4.13000, 150.0
4.14000, 137.0
4.15000, 158.0
4.16000, 150.0
4.17000, 141.0
4.18000, 163.0
4.19000, 158.0
4.20000, 154.0
4.21000, 160.0
4.22000, 140.0
4.23000, 129.0
4.24000, 163.0
4.25000, 167.0
4.26000, 145.0
4.27000, 153.0
4.28000, 145.0
4.29000, 149.0
4.30000, 142.0
4.31000, 158.0
4.32000, 149.0
4.33000, 142.0
4.34000, 151.0
4.35000, 136.0
4.36000, 135.0
4.37000, 146.0
4.38000, 150.0
4.39000, 142.0
4.40000, 140.0
4.41000, 145.0
4.42000, 140.0
4.43000, 155.0
4.44000, 145.0
4.45000, 144.0
4.46000, 139.0
4.47000, 148.0
4.48000, 151.0
4.49000, 147.0
4.50000, 156.0
4.51000, 150.0
4.52000, 134.0
4.53000, 147.0
4.54000, 139.0
4.55000, 155.0
4.56000, 152.0
4.57000, 130.0
4.58000, 145.0
4.59000, 143.0
4.60000, 132.0
4.61000, 138.0
4.62000, 155.0
4.63000, 149.0
4.64000, 162.0
4.65000, 153.0
4.66000, 147.0
4.67000, 162.0
4.68000, 138.0
4.69000, 138.0
4.70000, 156.0
4.71000, 139.0
4.72000, 140.0
4.73000, 146.0
4.74000, 141.0
4.75000, 133.0
4.76000, 127.0
4.77000, 113.0
4.78000, 124.0
4.79000, 126.0
4.80000, 132.0
4.81000, 138.0
4.82000, 124.0
4.83000, 128.0
4.84000, 125.0
4.85000, 111.0
4.86000, 133.0
4.87000, 134.0
4.88000, 141.0
4.89000, 151.0
4.90000, 135.0
4.91000, 137.0
4.92000, 134.0
4.93000, 125.0
4.94000, 138.0
4.95000, 125.0
4.96000, 123.0
4.97000, 128.0
4.98000, 142.0
4.99000, 123.0
5.00000, 120.0
5.01000, 129.0
5.02000, 127.0
5.03000, 135.0
5.04000, 135.0
5.05000, 114.0
5.06000, 138.0
5.07000, 124.0
5.08000, 116.0
5.09000, 110.0
5.10000, 124.0
5.11000, 129.0
5.12000, 132.0
5.13000, 113.0
5.14000, 110.0
5.15000, 122.0
5.16000, 122.0
5.17000, 127.0
5.18000, 125.0
5.19000, 122.0
5.20000, 128.0
5.21000, 125.0
5.22000, 136.0
5.23000, 139.0
5.24000, 144.0
5.25000, 152.0
5.26000, 150.0
5.27000, 185.0
5.28000, 208.0
5.29000, 242.0
5.30000, 331.0
5.31000, 447.0
5.32000, 590.0
5.33000, 744.0
5.34000, 941.0
5.35000, 1218.0
5.36000, 1435.0
5.37000, 1714.0
5.38000, 1989.0
5.39000, 2194.0
5.40000, 2376.0
5.41000, 2420.0
5.42000, 2456.0
5.43000, 2362.0
5.44000, 2201.0
5.45000, 2032.0
5.46000, 1778.0
5.47000, 1484.0
5.48000, 1206.0
5.49000, 954.0
5.50000, 748.0
5.51000, 580.0
5.52000, 457.0
5.53000, 370.0
5.54000, 268.0
5.55000, 203.0
5.56000, 176.0
5.57000, 161.0
5.58000, 127.0
5.59000, 116.0
5.60000, 104.0
5.61000, 124.0
5.62000, 113.0
5.63000, 109.0
5.64000, 113.0
5.65000, 115.0
5.66000, 120.0
5.67000, 106.0
5.68000, 122.0
5.69000, 122.0
5.70000, 114.0
5.71000, 116.0
5.72000, 117.0
5.73000, 112.0
5.74000, 114.0
5.75000, 106.0
5.76000, 103.0
5.77000, 123.0
5.78000, 131.0
5.79000, 128.0
5.80000, 154.0
5.81000, 185.0
5.82000, 188.0
5.83000, 218.0
5.84000, 253.0
5.85000, 295.0
5.86000, 324.0
5.87000, 349.0
5.88000, 422.0
5.89000, 438.0
5.90000, 483.0
5.91000, 495.0
5.92000, 503.0
5.93000, 523.0
5.94000, 539.0
5.95000, 499.0
5.96000, 510.0
5.97000, 452.0
5.98000, 419.0
5.99000, 384.0
6.00000, 302.0
6.01000, 279.0
6.02000, 262.0
6.03000, 217.0
6.04000, 178.0
6.05000, 148.0
6.06000, 125.0
6.07000, 105.0
6.08000, 105.0
6.09000, 115.0
6.10000, 98.0
6.11000, 101.0
6.12000, 105.0
6.13000, 103.0
6.14000, 102.0
6.15000, 101.0
6.16000, 93.0
6.17000, 92.0
6.18000, 106.0
6.19000, 107.0
6.20000, 110.0
6.21000, 119.0
6.22000, 143.0
6.23000, 161.0
6.24000, 220.0
6.25000, 255.0
6.26000, 349.0
6.27000, 489.0
6.28000, 645.0
6.29000, 872.0
6.30000, 1170.0
6.31000, 1562.0
6.32000, 1939.0
6.33000, 2440.0
6.34000, 3055.0
6.35000, 3579.0
6.36000, 4125.0
6.37000, 4461.0
6.38000, 4867.0
6.39000, 5203.0
6.40000, 5199.0
6.41000, 5086.0
6.42000, 5009.0
6.43000, 4676.0
6.44000, 4228.0
6.45000, 3684.0
6.46000, 3186.0
6.47000, 2615.0
6.48000, 2145.0
6.49000, 1669.0
6.50000, 1292.0
6.51000, 955.0
6.52000, 703.0
6.53000, 497.0
6.54000, 350.0
6.55000, 262.0
6.56000, 205.0
6.57000, 152.0
6.58000, 132.0
6.59000, 131.0
6.60000, 115.0
6.61000, 92.0
6.62000, 86.0
6.63000, 97.0
6.64000, 94.0
6.65000, 88.0
6.66000, 85.0
6.67000, 88.0
6.68000, 76.0
6.69000, 78.0
6.70000, 67.0
6.71000, 74.0
6.72000, 84.0
6.73000, 87.0
6.74000, 74.0
6.75000, 81.0
6.76000, 81.0
6.77000, 85.0
6.78000, 90.0
6.79000, 91.0
6.80000, 86.0
6.81000, 89.0
6.82000, 95.0
6.83000, 93.0
6.84000, 87.0
6.85000, 91.0
6.86000, 111.0
6.87000, 101.0
6.88000, 91.0
6.89000, 106.0
6.90000, 121.0
6.91000, 154.0
6.92000, 170.0
6.93000, 196.0
6.94000, 231.0
6.95000, 254.0
6.96000, 291.0
6.97000, 318.0
6.98000, 401.0
6.99000, 442.0
7.00000, 527.0
7.01000, 599.0
7.02000, 597.0
7.03000, 719.0
7.04000, 733.0
7.05000, 729.0
7.06000, 723.0
7.07000, 725.0
7.08000, 695.0
7.09000, 609.0
7.10000, 555.0
7.11000, 505.0
7.12000, 464.0
7.13000, 397.0
7.14000, 328.0
7.15000, 264.0
7.16000, 234.0
7.17000, 173.0
7.18000, 135.0
7.19000, 110.0
7.20000, 102.0
7.21000, 97.0
7.22000, 90.0
7.23000, 79.0
7.24000, 86.0
7.25000, 82.0
7.26000, 71.0
7.27000, 69.0
7.28000, 61.0
7.29000, 59.0
7.30000, 75.0
7.31000, 81.0
7.32000, 95.0
7.33000, 101.0
7.34000, 117.0
7.35000, 160.0
7.36000, 191.0
7.37000, 224.0
7.38000, 261.0
7.39000, 280.0
7.40000, 352.0
7.41000, 440.0
7.42000, 476.0
7.43000, 531.0
7.44000, 550.0
7.45000, 615.0
7.46000, 668.0
7.47000, 697.0
7.48000, 663.0
7.49000, 670.0
7.50000, 627.0
7.51000, 598.0
7.52000, 518.0
7.53000, 498.0
7.54000, 435.0
7.55000, 338.0
7.56000, 291.0
7.57000, 236.0
7.58000, 184.0
7.59000, 175.0
7.60000, 149.0
7.61000, 116.0
7.62000, 95.0
7.63000, 91.0
7.64000, 83.0
7.65000, 76.0
7.66000, 59.0
7.67000, 55.0
7.68000, 63.0
7.69000, 58.0
7.70000, 59.0
7.71000, 54.0
7.72000, 59.0
7.73000, 65.0
7.74000, 62.0
7.75000, 60.0
7.76000, 67.0
7.77000, 65.0
7.78000, 57.0
7.79000, 50.0
7.80000, 58.0
7.81000, 62.0
7.82000, 60.0
7.83000, 58.0
7.84000, 54.0
7.85000, 53.0
7.86000, 49.0
7.87000, 51.0
7.88000, 57.0
7.89000, 50.0
7.90000, 58.0
7.91000, 63.0
7.92000, 76.0
7.93000, 62.0
7.94000, 60.0
7.95000, 75.0
7.96000, 69.0
7.97000, 74.0
7.98000, 58.0
7.99000, 76.0
8.00000, 69.0
8.01000, 63.0
8.02000, 67.0
8.03000, 77.0
8.04000, 79.0
8.05000, 61.0
8.06000, 68.0
8.07000, 70.0
8.08000, 71.0
8.09000, 71.0
8.10000, 67.0
8.11000, 70.0
8.12000, 79.0
8.13000, 77.0
8.14000, 73.0
8.15000, 88.0
8.16000, 84.0
8.17000, 97.0
8.18000, 116.0
8.19000, 109.0
8.20000, 119.0
8.21000, 111.0
8.22000, 127.0
8.23000, 134.0
8.24000, 138.0
8.25000, 131.0
8.26000, 132.0
8.27000, 134.0
8.28000, 136.0
8.29000, 130.0
8.30000, 106.0
8.31000, 107.0
8.32000, 97.0
8.33000, 94.0
8.34000, 86.0
8.35000, 78.0
8.36000, 64.0
8.37000, 69.0
8.38000, 64.0
8.39000, 65.0
8.40000, 58.0
8.41000, 59.0
8.42000, 54.0
8.43000, 51.0
8.44000, 61.0
8.45000, 58.0
8.46000, 51.0
8.47000, 48.0
8.48000, 54.0
8.49000, 51.0
8.50000, 55.0
8.51000, 41.0
8.52000, 46.0
8.53000, 48.0
8.54000, 49.0
8.55000, 57.0
8.56000, 52.0
8.57000, 49.0
8.58000, 53.0
8.59000, 59.0
8.60000, 47.0
8.61000, 47.0
8.62000, 48.0
8.63000, 56.0
8.64000, 49.0
8.65000, 54.0
8.66000, 56.0
8.67000, 40.0
8.68000, 45.0
8.69000, 53.0
8.70000, 47.0
8.71000, 47.0
8.72000, 44.0
8.73000, 47.0
8.74000, 49.0
8.75000, 45.0
8.76000, 34.0
8.77000, 44.0
8.78000, 39.0
8.79000, 37.0
8.80000, 37.0
8.81000, 43.0
8.82000, 52.0
8.83000, 37.0
8.84000, 40.0
8.85000, 44.0
8.86000, 45.0
8.87000, 54.0
8.88000, 44.0
8.89000, 42.0
8.90000, 50.0
8.91000, 46.0
8.92000, 44.0
8.93000, 50.0
8.94000, 53.0
8.95000, 50.0
8.96000, 47.0
8.97000, 54.0
8.98000, 39.0
8.99000, 37.0
9.00000, 46.0
9.01000, 46.0
9.02000, 39.0
9.03000, 46.0
9.04000, 44.0
9.05000, 45.0
9.06000, 40.0
9.07000, 47.0
9.08000, 47.0
9.09000, 46.0
9.10000, 43.0
9.11000, 53.0
9.12000, 50.0
9.13000, 48.0
9.14000, 45.0
9.15000, 44.0
9.16000, 41.0
9.17000, 35.0
9.18000, 44.0
9.19000, 37.0
9.20000, 49.0
9.21000, 50.0
9.22000, 40.0
9.23000, 49.0
9.24000, 49.0
9.25000, 48.0
9.26000, 38.0
9.27000, 31.0
9.28000, 33.0
9.29000, 43.0
9.30000, 42.0
9.31000, 46.0
9.32000, 46.0
9.33000, 51.0
9.34000, 53.0
9.35000, 43.0
9.36000, 38.0
9.37000, 38.0
9.38000, 46.0
9.39000, 46.0
9.40000, 46.0
9.41000, 40.0
9.42000, 41.0
9.43000, 46.0
9.44000, 44.0
9.45000, 39.0
9.46000, 39.0
9.47000, 34.0
9.48000, 35.0
9.49000, 42.0
9.50000, 45.0
9.51000, 41.0
9.52000, 41.0
9.53000, 37.0
9.54000, 35.0
9.55000, 39.0
9.56000, 36.0
9.57000, 41.0
9.58000, 56.0
9.59000, 45.0
9.60000, 43.0
9.61000, 40.0
9.62000, 38.0
9.63000, 30.0
9.64000, 38.0
9.65000, 51.0
9.66000, 44.0
9.67000, 42.0
9.68000, 47.0
9.69000, 50.0
9.70000, 47.0
9.71000, 40.0
9.72000, 39.0
9.73000, 38.0
9.74000, 30.0
9.75000, 39.0
9.76000, 39.0
9.77000, 42.0
9.78000, 42.0
9.79000, 31.0
9.80000, 36.0
9.81000, 32.0
9.82000, 40.0
9.83000, 36.0
9.84000, 35.0
9.85000, 52.0
9.86000, 43.0
9.87000, 44.0
9.88000, 41.0
9.89000, 35.0
9.90000, 32.0
9.91000, 42.0
9.92000, 37.0
9.93000, 35.0
9.94000, 35.0
9.95000, 42.0
9.96000, 51.0
9.97000, 42.0
9.98000, 45.0
9.99000, 35.0
10.00000, 39.0
10.01000, 36.0
10.02000, 44.0
10.03000, 32.0
10.04000, 40.0
10.05000, 41.0
10.06000, 41.0
10.07000, 39.0
10.08000, 30.0
10.09000, 35.0
10.10000, 37.0
10.11000, 31.0
10.12000, 33.0
10.13000, 40.0
10.14000, 32.0
10.15000, 35.0
10.16000, 40.0
10.17000, 39.0
10.18000, 34.0
10.19000, 27.0
10.20000, 35.0
10.21000, 39.0
10.22000, 39.0
10.23000, 42.0
10.24000, 39.0
10.25000, 27.0
10.26000, 28.0
10.27000, 25.0
10.28000, 37.0
10.29000, 40.0
10.30000, 38.0
10.31000, 37.0
10.32000, 35.0
10.33000, 35.0
10.34000, 35.0
10.35000, 34.0
10.36000, 38.0
10.37000, 34.0
10.38000, 27.0
10.39000, 38.0
10.40000, 35.0
10.41000, 37.0
10.42000, 42.0
10.43000, 35.0
10.44000, 36.0
10.45000, 30.0
10.46000, 30.0
10.47000, 38.0
10.48000, 39.0
10.49000, 49.0
10.50000, 40.0
10.51000, 28.0
10.52000, 29.0
10.53000, 36.0
10.54000, 37.0
10.55000, 33.0
10.56000, 38.0
10.57000, 43.0
10.58000, 34.0
10.59000, 26.0
10.60000, 35.0
10.61000, 38.0
10.62000, 37.0
10.63000, 36.0
10.64000, 36.0
10.65000, 31.0
10.66000, 30.0
10.67000, 33.0
10.68000, 38.0
10.69000, 36.0
10.70000, 33.0
10.71000, 31.0
10.72000, 32.0
10.73000, 39.0
10.74000, 38.0
10.75000, 32.0
10.76000, 35.0
10.77000, 32.0
10.78000, 31.0
10.79000, 38.0
10.80000, 36.0
10.81000, 35.0
10.82000, 34.0
10.83000, 37.0
10.84000, 32.0
10.85000, 30.0
10.86000, 28.0
10.87000, 28.0
10.88000, 27.0
10.89000, 32.0
10.90000, 25.0
10.91000, 29.0
10.92000, 34.0
10.93000, 36.0
10.94000, 34.0
10.95000, 32.0
10.96000, 28.0
10.97000, 28.0
10.98000, 27.0
10.99000, 27.0
11.00000, 31.0
11.01000, 31.0
11.02000, 27.0
11.03000, 30.0
11.04000, 34.0
11.05000, 30.0
11.06000, 21.0
11.07000, 28.0
11.08000, 30.0
11.09000, 28.0
11.10000, 30.0
11.11000, 30.0
11.12000, 23.0
11.13000, 28.0
11.14000, 31.0
11.15000, 29.0
11.16000, 27.0
11.17000, 21.0
11.18000, 26.0
11.19000, 27.0
11.20000, 21.0
11.21000, 27.0
11.22000, 29.0
11.23000, 25.0
11.24000, 21.0
11.25000, 30.0
11.26000, 30.0
11.27000, 30.0
11.28000, 26.0
11.29000, 33.0
11.30000, 29.0
11.31000, 28.0
11.32000, 26.0
11.33000, 29.0
11.34000, 27.0
11.35000, 23.0
11.36000, 34.0
11.37000, 36.0
11.38000, 26.0
11.39000, 32.0
11.40000, 30.0
11.41000, 26.0
11.42000, 29.0
11.43000, 26.0
11.44000, 26.0
11.45000, 25.0
11.46000, 27.0
11.47000, 28.0
11.48000, 31.0
11.49000, 24.0
11.50000, 17.0
11.51000, 32.0
11.52000, 33.0
11.53000, 28.0
11.54000, 27.0
11.55000, 23.0
11.56000, 22.0
11.57000, 21.0
11.58000, 26.0
11.59000, 25.0
11.60000, 25.0
11.61000, 29.0
11.62000, 27.0
11.63000, 24.0
11.64000, 24.0
11.65000, 27.0
11.66000, 27.0
11.67000, 27.0
11.68000, 26.0
11.69000, 22.0
11.70000, 26.0
11.71000, 25.0
11.72000, 30.0
11.73000, 31.0
11.74000, 26.0
11.75000, 23.0
11.76000, 24.0
11.77000, 27.0
11.78000, 24.0
11.79000, 29.0
11.80000, 29.0
11.81000, 38.0
11.82000, 34.0
11.83000, 27.0
11.84000, 27.0
11.85000, 27.0
11.86000, 22.0
11.87000, 27.0
11.88000, 26.0
11.89000, 20.0
11.90000, 27.0
11.91000, 26.0
11.92000, 25.0
11.93000, 18.0
11.94000, 23.0
11.95000, 24.0
11.96000, 22.0
11.97000, 24.0
11.98000, 29.0
11.99000, 24.0
12.00000, 24.0
12.01000, 24.0
12.02000, 22.0
12.03000, 23.0
12.04000, 19.0
12.05000, 21.0
12.06000, 19.0
12.07000, 24.0
12.08000, 20.0
12.09000, 19.0
12.10000, 29.0
12.11000, 31.0
12.12000, 27.0
12.13000, 24.0
12.14000, 22.0
12.15000, 22.0
12.16000, 21.0
12.17000, 20.0
12.18000, 23.0
12.19000, 22.0
12.20000, 22.0
12.21000, 19.0
12.22000, 22.0
12.23000, 25.0
12.24000, 23.0
12.25000, 21.0
12.26000, 20.0
12.27000, 20.0
12.28000, 25.0
12.29000, 26.0
12.30000, 16.0
12.31000, 18.0
12.32000, 27.0
12.33000, 28.0
12.34000, 20.0
12.35000, 22.0
12.36000, 24.0
12.37000, 30.0
12.38000, 29.0
12.39000, 19.0
12.40000, 18.0
12.41000, 20.0
12.42000, 23.0
12.43000, 19.0
12.44000, 27.0
12.45000, 25.0
12.46000, 17.0
12.47000, 25.0
12.48000, 19.0
12.49000, 26.0
12.50000, 24.0
12.51000, 21.0
12.52000, 18.0
12.53000, 18.0
12.54000, 21.0
12.55000, 15.0
12.56000, 22.0
12.57000, 21.0
12.58000, 25.0
12.59000, 24.0
12.60000, 21.0
12.61000, 16.0
12.62000, 16.0
12.63000, 17.0
12.64000, 16.0
12.65000, 14.0
12.66000, 23.0
12.67000, 21.0
12.68000, 21.0
12.69000, 19.0
12.70000, 16.0
12.71000, 20.0
12.72000, 17.0
12.73000, 19.0
12.74000, 20.0
12.75000, 25.0
12.76000, 20.0
12.77000, 20.0
12.78000, 21.0
12.79000, 17.0
12.80000, 19.0
12.81000, 26.0
12.82000, 25.0
12.83000, 22.0
12.84000, 26.0
12.85000, 24.0
12.86000, 17.0
12.87000, 23.0
12.88000, 24.0
12.89000, 24.0
12.90000, 22.0
12.91000, 20.0
12.92000, 26.0
12.93000, 20.0
12.94000, 19.0
12.95000, 21.0
12.96000, 18.0
12.97000, 20.0
12.98000, 17.0
12.99000, 25.0
13.00000, 28.0
13.01000, 17.0
13.02000, 19.0
13.03000, 22.0
13.04000, 18.0
13.05000, 20.0
13.06000, 17.0
13.07000, 15.0
13.08000, 15.0
13.09000, 22.0
13.10000, 27.0
13.11000, 23.0
13.12000, 18.0
13.13000, 19.0
13.14000, 18.0
13.15000, 23.0
13.16000, 21.0
13.17000, 19.0
13.18000, 21.0
13.19000, 21.0
13.20000, 17.0
13.21000, 16.0
13.22000, 15.0
13.23000, 19.0
13.24000, 17.0
13.25000, 17.0
13.26000, 23.0
13.27000, 20.0
13.28000, 17.0
13.29000, 16.0
13.30000, 9.0
13.31000, 10.0
13.32000, 15.0
13.33000, 20.0
13.34000, 20.0
13.35000, 16.0
13.36000, 18.0
13.37000, 27.0
13.38000, 17.0
13.39000, 15.0
13.40000, 17.0
13.41000, 19.0
13.42000, 13.0
13.43000, 15.0
13.44000, 16.0
13.45000, 20.0
13.46000, 17.0
13.47000, 13.0
13.48000, 16.0
13.49000, 17.0
13.50000, 15.0
13.51000, 19.0
13.52000, 21.0
13.53000, 15.0
13.54000, 16.0
13.55000, 14.0
13.56000, 14.0
13.57000, 19.0
13.58000, 21.0
13.59000, 14.0
13.60000, 16.0
13.61000, 16.0
13.62000, 14.0
13.63000, 12.0
13.64000, 12.0
13.65000, 14.0
13.66000, 12.0
13.67000, 15.0
13.68000, 13.0
13.69000, 14.0
13.70000, 18.0
13.71000, 12.0
13.72000, 17.0
13.73000, 19.0
13.74000, 14.0
13.75000, 10.0
13.76000, 10.0
13.77000, 14.0
13.78000, 16.0
13.79000, 16.0
13.80000, 13.0
13.81000, 15.0
13.82000, 17.0
13.83000, 12.0
13.84000, 13.0
13.85000, 12.0
13.86000, 15.0
13.87000, 19.0
13.88000, 20.0
13.89000, 16.0
13.90000, 14.0
13.91000, 13.0
13.92000, 9.0
13.93000, 8.0
13.94000, 10.0
13.95000, 12.0
13.96000, 16.0
13.97000, 12.0
13.98000, 13.0
13.99000, 10.0
14.00000, 17.0
14.01000, 16.0
14.02000, 11.0
14.03000, 10.0
14.04000, 11.0
14.05000, 12.0
14.06000, 11.0
14.07000, 8.0
14.08000, 11.0
14.09000, 17.0
14.10000, 14.0
14.11000, 13.0
14.12000, 8.0
14.13000, 11.0
14.14000, 14.0
14.15000, 17.0
14.16000, 15.0
14.17000, 15.0
14.18000, 14.0
14.19000, 12.0
14.20000, 13.0
14.21000, 10.0
14.22000, 15.0
14.23000, 11.0
14.24000, 12.0
14.25000, 12.0
14.26000, 11.0
14.27000, 11.0
14.28000, 13.0
14.29000, 12.0
14.30000, 12.0
14.31000, 10.0
14.32000, 14.0
14.33000, 13.0
14.34000, 14.0
14.35000, 19.0
14.36000, 14.0
14.37000, 12.0
14.38000, 13.0
14.39000, 10.0
14.40000, 14.0
14.41000, 15.0
14.42000, 15.0
14.43000, 13.0
14.44000, 12.0
14.45000, 8.0
14.46000, 11.0
14.47000, 14.0
14.48000, 10.0
14.49000, 13.0
14.50000, 11.0
14.51000, 14.0
14.52000, 17.0
14.53000, 12.0
14.54000, 14.0
14.55000, 16.0
14.56000, 11.0
14.57000, 10.0
14.58000, 11.0
14.59000, 10.0
14.60000, 8.0
14.61000, 6.0
14.62000, 12.0
14.63000, 13.0
14.64000, 15.0
14.65000, 12.0
14.66000, 14.0
14.67000, 10.0
14.68000, 12.0
14.69000, 14.0
14.70000, 10.0
14.71000, 13.0
14.72000, 12.0
14.73000, 10.0
14.74000, 12.0
14.75000, 9.0
14.76000, 8.0
14.77000, 9.0
14.78000, 8.0
14.79000, 8.0
14.80000, 9.0
14.81000, 9.0
14.82000, 9.0
14.83000, 10.0
14.84000, 14.0
14.85000, 12.0
14.86000, 12.0
14.87000, 12.0
14.88000, 8.0
14.89000, 11.0
14.90000, 14.0
14.91000, 10.0
14.92000, 10.0
14.93000, 12.0
14.94000, 7.0
14.95000, 6.0
14.96000, 7.0
14.97000, 8.0
14.98000, 9.0
14.99000, 8.0
15.00000, 8.0
15.01000, 7.0
15.02000, 7.0
15.03000, 11.0
15.04000, 11.0
15.05000, 9.0
15.06000, 8.0
15.07000, 14.0
15.08000, 11.0
15.09000, 6.0
15.10000, 4.0
15.11000, 5.0
15.12000, 9.0
15.13000, 12.0
15.14000, 8.0
15.15000, 7.0
15.16000, 5.0
15.17000, 9.0
15.18000, 12.0
15.19000, 12.0
15.20000, 8.0
15.21000, 8.0
15.22000, 8.0
15.23000, 7.0
15.24000, 7.0
15.25000, 6.0
15.26000, 9.0
15.27000, 7.0
15.28000, 11.0
15.29000, 13.0
15.30000, 9.0
15.31000, 8.0
15.32000, 7.0
15.33000, 5.0
15.34000, 7.0
15.35000, 8.0
15.36000, 13.0
15.37000, 11.0
15.38000, 13.0
15.39000, 12.0
15.40000, 11.0
15.41000, 9.0
15.42000, 11.0
15.43000, 10.0
15.44000, 9.0
15.45000, 10.0
15.46000, 9.0
15.47000, 12.0
15.48000, 7.0
15.49000, 10.0
15.50000, 10.0
15.51000, 9.0
15.52000, 10.0
15.53000, 9.0
15.54000, 8.0
15.55000, 9.0
15.56000, 8.0
15.57000, 6.0
15.58000, 12.0
15.59000, 10.0
15.60000, 6.0
15.61000, 9.0
15.62000, 10.0
15.63000, 9.0
15.64000, 9.0
15.65000, 5.0
15.66000, 10.0
15.67000, 12.0
15.68000, 9.0
15.69000, 6.0
15.70000, 6.0
15.71000, 6.0
15.72000, 5.0
15.73000, 8.0
15.74000, 7.0
15.75000, 8.0
15.76000, 5.0
15.77000, 7.0
15.78000, 6.0
15.79000, 5.0
15.80000, 6.0
15.81000, 3.0
15.82000, 6.0
15.83000, 6.0
15.84000, 4.0
15.85000, 7.0
15.86000, 10.0
15.87000, 8.0
15.88000, 7.0
15.89000, 6.0
15.90000, 8.0
15.91000, 8.0
15.92000, 8.0
15.93000, 7.0
15.94000, 7.0
15.95000, 6.0
15.96000, 10.0
15.97000, 8.0
15.98000, 10.0
15.99000, 10.0
16.00000, 4.0
16.01000, 7.0
16.02000, 8.0
16.03000, 11.0
16.04000, 8.0
16.05000, 8.0
16.06000, 5.0
16.07000, 6.0
16.08000, 9.0
16.09000, 9.0
16.10000, 7.0
16.11000, 7.0
16.12000, 5.0
16.13000, 11.0
16.14000, 10.0
16.15000, 11.0
16.16000, 8.0
16.17000, 7.0
16.18000, 6.0
16.19000, 2.0
16.20000, 5.0
16.21000, 7.0
16.22000, 5.0
16.23000, 3.0
16.24000, 3.0
16.25000, 7.0
16.26000, 7.0
16.27000, 8.0
16.28000, 5.0
16.29000, 6.0
16.30000, 5.0
16.31000, 5.0
16.32000, 5.0
16.33000, 4.0
16.34000, 4.0
16.35000, 4.0
16.36000, 5.0
16.37000, 7.0
16.38000, 8.0
16.39000, 6.0
16.40000, 6.0
16.41000, 7.0
16.42000, 6.0
16.43000, 6.0
16.44000, 5.0
16.45000, 6.0
16.46000, 6.0
16.47000, 6.0
16.48000, 4.0
16.49000, 4.0
16.50000, 4.0
16.51000, 8.0
16.52000, 6.0
16.53000, 5.0
16.54000, 5.0
16.55000, 4.0
16.56000, 4.0
16.57000, 6.0
16.58000, 5.0
16.59000, 6.0
16.60000, 5.0
16.61000, 2.0
16.62000, 2.0
16.63000, 4.0
16.64000, 3.0
16.65000, 4.0
16.66000, 5.0
16.67000, 8.0
16.68000, 5.0
16.69000, 3.0
16.70000, 4.0
16.71000, 4.0
16.72000, 3.0
16.73000, 4.0
16.74000, 5.0
16.75000, 7.0
16.76000, 7.0
16.77000, 6.0
16.78000, 5.0
16.79000, 6.0
16.80000, 5.0
16.81000, 5.0
16.82000, 5.0
16.83000, 5.0
16.84000, 7.0
16.85000, 4.0
16.86000, 3.0
16.87000, 2.0
16.88000, 2.0
16.89000, 3.0
16.90000, 4.0
16.91000, 6.0
16.92000, 3.0
16.93000, 6.0
16.94000, 6.0
16.95000, 4.0
16.96000, 3.0
16.97000, 5.0
16.98000, 5.0
16.99000, 3.0
17.00000, 5.0
17.01000, 5.0
17.02000, 4.0
17.03000, 2.0
17.04000, 4.0
17.05000, 4.0
17.06000, 5.0
17.07000, 4.0
17.08000, 4.0
17.09000, 4.0
17.10000, 3.0
17.11000, 1.0
17.12000, 5.0
17.13000, 5.0
17.14000, 4.0
17.15000, 5.0
17.16000, 5.0
17.17000, 5.0
17.18000, 4.0
17.19000, 4.0
17.20000, 6.0
17.21000, 6.0
17.22000, 5.0
17.23000, 4.0
17.24000, 7.0
17.25000, 7.0
17.26000, 5.0
17.27000, 4.0
17.28000, 5.0
17.29000, 4.0
17.30000, 3.0
17.31000, 3.0
17.32000, 3.0
17.33000, 3.0
17.34000, 2.0
17.35000, 7.0
17.36000, 5.0
17.37000, 4.0
17.38000, 2.0
17.39000, 2.0
17.40000, 3.0
17.41000, 2.0
17.42000, 1.0
17.43000, 1.0
17.44000, 2.0
17.45000, 3.0
17.46000, 3.0
17.47000, 3.0
17.48000, 2.0
17.49000, 1.0
17.50000, 3.0
17.51000, 5.0
17.52000, 5.0
17.53000, 2.0
17.54000, 2.0
17.55000, 3.0
17.56000, 2.0
17.57000, 2.0
17.58000, 3.0
17.59000, 3.0
17.60000, 3.0
17.61000, 4.0
17.62000, 5.0
17.63000, 2.0
17.64000, 2.0
17.65000, 2.0
17.66000, 2.0
17.67000, 3.0
17.68000, 3.0
17.69000, 3.0
17.70000, 3.0
17.71000, 4.0
17.72000, 3.0
17.73000, 1.0
17.74000, 4.0
17.75000, 1.0
17.76000, 1.0
17.77000, 2.0
17.78000, 1.0
17.79000, 3.0
17.80000, 3.0
17.81000, 3.0
17.82000, 6.0
17.83000, 5.0
17.84000, 3.0
17.85000, 5.0
17.86000, 5.0
17.87000, 6.0
17.88000, 3.0
17.89000, 2.0
17.90000, 1.0
17.91000, 2.0
17.92000, 1.0
17.93000, 2.0
17.94000, 2.0
17.95000, 4.0
17.96000, 1.0
17.97000, 0.0
17.98000, 4.0
17.99000, 2.0
18.00000, 4.0
18.01000, 3.0
18.02000, 3.0
18.03000, 1.0
18.04000, 3.0
18.05000, 3.0
18.06000, 3.0
18.07000, 3.0
18.08000, 2.0
18.09000, 1.0
18.10000, 4.0
18.11000, 2.0
18.12000, 2.0
18.13000, 2.0
18.14000, 2.0
18.15000, 3.0
18.16000, 1.0
18.17000, 4.0
18.18000, 1.0
18.19000, 1.0
18.20000, 0.0
18.21000, 2.0
18.22000, 2.0
18.23000, 3.0
18.24000, 2.0
18.25000, 1.0
18.26000, 2.0
18.27000, 2.0
18.28000, 3.0
18.29000, 4.0
18.30000, 3.0
18.31000, 1.0
18.32000, 1.0
18.33000, 2.0
18.34000, 2.0
18.35000, 3.0
18.36000, 2.0
18.37000, 1.0
18.38000, 1.0
18.39000, 1.0
18.40000, 2.0
18.41000, 2.0
18.42000, 1.0
18.43000, 3.0
18.44000, 3.0
18.45000, 2.0
18.46000, 3.0
18.47000, 1.0
18.48000, 0.0
18.49000, 1.0
18.50000, 1.0
18.51000, 2.0
18.52000, 2.0
18.53000, 1.0
18.54000, 0.0
18.55000, 1.0
18.56000, 1.0
18.57000, 2.0
18.58000, 1.0
18.59000, 4.0
18.60000, 3.0
18.61000, 3.0
18.62000, 4.0
18.63000, 2.0
18.64000, 2.0
18.65000, 1.0
18.66000, 0.0
18.67000, 0.0
18.68000, 1.0
18.69000, 1.0
18.70000, 1.0
18.71000, 1.0
18.72000, 0.0
18.73000, 1.0
18.74000, 1.0
18.75000, 2.0
18.76000, 2.0
18.77000, 2.0
18.78000, 1.0
18.79000, 0.0
18.80000, 1.0
18.81000, 2.0
18.82000, 1.0
18.83000, 1.0
18.84000, 0.0
18.85000, 1.0
18.86000, 0.0
18.87000, 1.0
18.88000, 2.0
18.89000, 2.0
18.90000, 3.0
18.91000, 3.0
18.92000, 2.0
18.93000, 2.0
18.94000, 2.0
18.95000, 2.0
18.96000, 1.0
18.97000, 0.0
18.98000, 1.0
18.99000, 1.0
19.00000, 0.0
19.01000, 0.0
19.02000, 1.0
19.03000, 1.0
19.04000, 0.0
19.05000, 1.0
19.06000, 1.0
19.07000, 1.0
19.08000, 2.0
19.09000, 2.0
19.10000, 1.0
19.11000, 2.0
19.12000, 1.0
19.13000, 1.0
19.14000, 1.0
19.15000, 1.0
19.16000, 0.0
19.17000, 1.0
19.18000, 1.0
19.19000, 0.0
19.20000, 1.0
19.21000, 2.0
19.22000, 2.0
19.23000, 1.0
19.24000, 2.0
19.25000, 1.0
19.26000, 1.0
19.27000, 0.0
19.28000, 0.0
19.29000, 1.0
19.30000, 1.0
19.31000, 2.0
19.32000, 2.0
19.33000, 1.0
19.34000, 1.0
19.35000, 0.0
19.36000, 1.0
19.37000, 1.0
19.38000, 2.0
19.39000, 1.0
19.40000, 0.0
19.41000, 1.0
19.42000, 1.0
19.43000, 0.0
19.44000, 0.0
19.45000, 0.0
19.46000, 1.0
19.47000, 3.0
19.48000, 1.0
19.49000, 0.0
19.50000, 0.0
19.51000, 1.0
19.52000, 1.0
19.53000, 0.0
19.54000, 0.0
19.55000, 1.0
19.56000, 1.0
19.57000, 0.0
19.58000, 0.0
19.59000, 0.0
19.60000, 0.0
19.61000, 0.0
19.62000, 0.0
19.63000, 1.0
19.64000, 1.0
19.65000, 0.0
19.66000, 0.0
19.67000, 1.0
19.68000, 1.0
19.69000, 0.0
19.70000, 0.0
19.71000, 0.0
19.72000, 0.0
19.73000, 0.0
19.74000, 0.0
19.75000, 0.0
19.76000, 1.0
19.77000, 0.0
19.78000, 0.0
19.79000, 0.0
19.80000, 0.0
19.81000, 0.0
19.82000, 0.0
19.83000, 1.0
19.84000, 0.0
19.85000, 1.0
19.86000, 1.0
19.87000, 0.0
19.88000, 0.0
19.89000, 0.0
19.90000, 0.0
19.91000, 0.0
19.92000, 0.0
19.93000, 1.0
19.94000, 0.0
19.95000, 0.0
19.96000, 1.0
19.97000, 0.0
19.98000, 0.0
19.99000, 0.0
20.00000, 0.0
20.01000, 0.0
20.02000, 0.0
20.03000, 0.0
20.04000, 0.0
20.05000, 0.0
20.06000, 0.0
20.07000, 0.0
20.08000, 0.0
20.09000, 0.0
20.10000, 0.0
20.11000, 0.0
20.12000, 0.0
20.13000, 0.0
20.14000, 0.0
20.15000, 0.0
20.16000, 0.0
20.17000, 0.0
20.18000, 0.0
20.19000, 0.0
20.20000, 0.0
20.21000, 0.0
20.22000, 0.0
20.23000, 0.0
20.24000, 0.0
20.25000, 0.0
20.26000, 0.0
20.27000, 0.0
#ENDOFDATA   : 
